0	0.000037	0.000037
100	0.000010	0.000010
200	0.000003	0.000003
300	0.000002	0.000002
400	0.000001	0.000001
500	0.000001	0.000001
0	0.000463	0.000003
100	0.000249	0.000001
200	0.001108	0.000001
300	0.003188	0.000001
400	0.016407	0.000006
500	0.072583	0.000021
600	0.299016	0.000070
700	0.594829	0.000253
800	0.695401	0.000456
900	0.675218	0.000373
1000	0.605250	0.000559
1100	0.577846	0.000633
1200	0.498705	0.001478
1300	0.426825	0.002224
1400	0.513108	0.002583
1500	0.513686	0.000447
1600	0.469528	0.002129
1700	0.516779	0.001003
1800	0.466733	0.002715
1900	0.555597	0.001382
2000	0.570671	0.001925
2100	0.584264	0.000842
2200	0.620624	0.004481
2300	0.523588	0.002534
2400	0.539554	0.002345
2500	0.521709	0.004372
2600	0.560131	0.000739
2700	0.471640	0.000887
2800	0.563229	0.002085
2900	0.557025	0.002789
3000	0.530997	0.001510
3100	0.601553	0.002762
3200	0.461716	0.002339
3300	0.532057	0.002256
3400	0.520569	0.003040
3500	0.512347	0.002593
3600	0.540630	0.001716
3700	0.511233	0.002713
3800	0.487277	0.002741
3900	0.483171	0.003043
4000	0.472248	0.001676
4100	0.462526	0.001885
4200	0.449378	0.003465
4300	0.441075	0.004486
4400	0.444686	0.004643
4500	0.468151	0.007147
4600	0.437166	0.002939
4700	0.501899	0.008798
4800	0.497362	0.009293
4900	0.463532	0.007672
5000	0.426122	0.006779
5100	0.467814	0.014188
5200	0.478394	0.014841
5300	0.432426	0.015027
5400	0.481947	0.018285
5500	0.428295	0.009491
5600	0.450667	0.025480
5700	0.442046	0.022058
5800	0.428812	0.022614
5900	0.395884	0.022534
6000	0.405645	0.024439
6100	0.386999	0.028515
6200	0.385592	0.047224
6300	0.430862	0.037178
6400	0.405211	0.045213
6500	0.427477	0.037787
6600	0.455625	0.041387
6700	0.385221	0.051536
6800	0.429325	0.048692
6900	0.390100	0.059514
7000	0.376752	0.055011
7100	0.381742	0.065566
7200	0.403787	0.044296
7300	0.427921	0.056583
7400	0.404447	0.059915
7500	0.416943	0.080197
7600	0.335096	0.052171
7700	0.390824	0.060967
7800	0.373427	0.061008
7900	0.380747	0.063156
8000	0.418745	0.057907
8100	0.339662	0.049232
8200	0.361406	0.062216
8300	0.368000	0.070738
8400	0.373663	0.079427
8500	0.399942	0.064546
8600	0.372407	0.093328
8700	0.356253	0.080956
8800	0.326073	0.080685
8900	0.356467	0.072074
9000	0.325861	0.072170
9100	0.347978	0.068504
9200	0.334215	0.083562
9300	0.370391	0.077808
9400	0.341353	0.093969
9500	0.368534	0.072142
9600	0.353859	0.069466
9700	0.333687	0.083925
9800	0.360751	0.081489
9900	0.394646	0.063110
10000	0.310205	0.096803
10100	0.331850	0.081304
10200	0.311340	0.076704
10300	0.359185	0.117658
10400	0.363348	0.075496
10500	0.332523	0.074258
10600	0.318835	0.107405
10700	0.376795	0.078067
10800	0.344820	0.116375
10900	0.351387	0.066380
11000	0.315834	0.070423
11100	0.345310	0.099918
11200	0.405817	0.100933
11300	0.364981	0.075808
11400	0.350841	0.077544
11500	0.300100	0.075119
11600	0.323387	0.094777
11700	0.354453	0.090630
11800	0.317560	0.099573
11900	0.362379	0.077981
12000	0.342048	0.114475
12100	0.363566	0.098334
12200	0.300147	0.092607
12300	0.309742	0.096051
12400	0.362741	0.085404
12500	0.329797	0.084220
12600	0.298203	0.078944
12700	0.340916	0.104272
12800	0.330794	0.083921
12900	0.318468	0.101757
13000	0.344858	0.096694
13100	0.318972	0.109358
13200	0.332555	0.101804
13300	0.325439	0.093572
13400	0.342305	0.109772
13500	0.327417	0.106585
13600	0.333451	0.105152
13700	0.350022	0.082818
13800	0.367157	0.107742
13900	0.334166	0.096376
14000	0.310209	0.079328
14100	0.300136	0.092664
14200	0.315698	0.086874
14300	0.317980	0.091594
14400	0.324443	0.108944
14500	0.290527	0.110025
14600	0.337783	0.098900
14700	0.372125	0.105969
14800	0.323208	0.110184
14900	0.314546	0.095851
15000	0.324589	0.110674
15100	0.326347	0.107374
15200	0.331623	0.083097
15300	0.294448	0.118047
15400	0.348299	0.101598
15500	0.284553	0.104362
15600	0.325335	0.092366
15700	0.320080	0.108391
15800	0.296583	0.121013
15900	0.325558	0.117812
16000	0.305763	0.076536
16100	0.312354	0.090171
16200	0.302149	0.094123
16300	0.325633	0.110774
16400	0.297694	0.109043
16500	0.313557	0.082506
16600	0.283840	0.117743
16700	0.308511	0.101652
16800	0.302326	0.109132
16900	0.313351	0.103470
17000	0.288037	0.116917
17100	0.296126	0.119613
17200	0.304029	0.116171
17300	0.322349	0.117992
17400	0.287597	0.083549
17500	0.303864	0.087334
17600	0.299115	0.085111
17700	0.288526	0.105780
17800	0.297722	0.109887
17900	0.260466	0.091048
18000	0.317393	0.122996
18100	0.330502	0.105140
18200	0.288456	0.113937
18300	0.284346	0.111003
18400	0.302273	0.067540
18500	0.330463	0.094008
18600	0.316673	0.116671
18700	0.280689	0.106174
18800	0.309265	0.085310
18900	0.341417	0.115809
19000	0.306826	0.119241
19100	0.337479	0.109413
19200	0.293156	0.102061
19300	0.302354	0.124875
19400	0.284498	0.109843
19500	0.304186	0.109334
19600	0.321183	0.125820
19700	0.306046	0.111782
19800	0.301546	0.114518
19900	0.291742	0.104849
20000	0.284703	0.113141
20100	0.303311	0.112702
20200	0.298966	0.123797
20300	0.306024	0.116353
20400	0.324077	0.113903
20500	0.302599	0.109740
20600	0.297463	0.123197
20700	0.293922	0.114115
20800	0.294168	0.108521
20900	0.301458	0.124788
21000	0.288575	0.117606
21100	0.314906	0.119510
21200	0.303785	0.116555
21300	0.298591	0.116361
21400	0.294574	0.125221
21500	0.287363	0.122989
21600	0.297572	0.119520
21700	0.281530	0.124034
21800	0.331419	0.115462
21900	0.281802	0.109225
22000	0.305461	0.126210
22100	0.279846	0.130342
22200	0.290020	0.124179
22300	0.300179	0.122061
22400	0.318687	0.131541
22500	0.279597	0.119458
22600	0.295705	0.123409
22700	0.296595	0.127394
22800	0.279040	0.123474
22900	0.287040	0.125255
23000	0.308637	0.124209
23100	0.280353	0.115776
23200	0.313911	0.117725
23300	0.300214	0.119094
23400	0.288444	0.117001
23500	0.277948	0.115017
23600	0.295361	0.112853
23700	0.304411	0.122823
23800	0.290701	0.118412
23900	0.298949	0.120035
24000	0.285794	0.128530
24100	0.288706	0.124727
24200	0.282256	0.129810
24300	0.283838	0.106292
24400	0.286317	0.128489
24500	0.280370	0.122489
24600	0.268287	0.119218
24700	0.296147	0.109841
24800	0.298064	0.123685
24900	0.295999	0.131805
25000	0.303655	0.120951
25100	0.306794	0.126761
25200	0.276772	0.114601
25300	0.267373	0.117260
25400	0.290521	0.125215
25500	0.276778	0.118321
25600	0.290247	0.121724
25700	0.260461	0.107578
25800	0.281174	0.114059
25900	0.284782	0.124033
26000	0.283112	0.110327
26100	0.289898	0.118237
26200	0.304606	0.118693
26300	0.313477	0.130117
26400	0.297614	0.116555
26500	0.297825	0.127410
26600	0.269092	0.117012
26700	0.273980	0.110972
26800	0.314864	0.121893
26900	0.297338	0.118859
27000	0.282030	0.116471
27100	0.296175	0.124303
27200	0.295721	0.128496
27300	0.284948	0.117064
27400	0.271653	0.111698
27500	0.277237	0.124934
27600	0.276327	0.110707
27700	0.306601	0.116745
27800	0.276992	0.121422
27900	0.303241	0.132760
28000	0.296858	0.126049
28100	0.279076	0.117782
28200	0.280795	0.125965
28300	0.277999	0.123800
28400	0.265269	0.112401
28500	0.274127	0.128072
28600	0.275116	0.114934
28700	0.281052	0.122233
28800	0.279908	0.117284
28900	0.298506	0.122921
29000	0.291759	0.120649
29100	0.254514	0.121814
29200	0.284538	0.111257
29300	0.295079	0.120898
29400	0.287400	0.118268
29500	0.273007	0.097107
29600	0.273071	0.113042
29700	0.279791	0.116891
29800	0.266138	0.113079
29900	0.295493	0.116494
30000	0.298149	0.117892
30100	0.299463	0.120401
30200	0.277300	0.114137
30300	0.272583	0.115244
30400	0.275092	0.116791
30500	0.270696	0.122974
30600	0.289013	0.126376
30700	0.281932	0.120295
30800	0.279178	0.131153
30900	0.269920	0.124712
31000	0.302731	0.125951
31100	0.318649	0.112545
31200	0.298248	0.127627
31300	0.293933	0.115936
31400	0.287548	0.130519
31500	0.274405	0.120479
31600	0.294766	0.121830
31700	0.275872	0.123282
31800	0.271569	0.136542
31900	0.277797	0.120280
32000	0.285286	0.108915
32100	0.280675	0.122169
32200	0.267588	0.114107
32300	0.286075	0.119748
32400	0.293911	0.126677
32500	0.290888	0.120524
32600	0.306592	0.127494
32700	0.287460	0.111761
32800	0.282070	0.119785
32900	0.276253	0.116771
33000	0.288128	0.130654
33100	0.277937	0.121698
33200	0.294695	0.124171
33300	0.277250	0.117480
33400	0.286076	0.111416
33500	0.267727	0.119499
33600	0.270350	0.129255
33700	0.282784	0.121358
33800	0.283456	0.120492
33900	0.285618	0.119055
34000	0.294069	0.117028
34100	0.297709	0.129870
34200	0.301978	0.118785
34300	0.273136	0.124280
34400	0.272403	0.112169
34500	0.287717	0.122865
34600	0.282196	0.119070
34700	0.278694	0.129216
34800	0.268836	0.122582
34900	0.271586	0.125494
35000	0.278299	0.114451
35100	0.284700	0.121816
35200	0.286380	0.125229
35300	0.274930	0.122112
35400	0.276133	0.114875
35500	0.288837	0.117913
35600	0.306583	0.131519
35700	0.266752	0.115139
35800	0.277108	0.127719
35900	0.300248	0.114880
36000	0.286840	0.128993
36100	0.274444	0.127460
36200	0.276789	0.127100
36300	0.277350	0.116402
36400	0.272861	0.121009
36500	0.302033	0.124372
36600	0.271734	0.116662
36700	0.289856	0.123898
36800	0.268892	0.118442
36900	0.283473	0.123109
37000	0.289272	0.114270
37100	0.276842	0.112834
37200	0.264491	0.125513
37300	0.269524	0.120052
37400	0.288468	0.117538
37500	0.274475	0.128336
37600	0.291964	0.123497
37700	0.261150	0.118201
37800	0.264212	0.131687
37900	0.260708	0.110719
38000	0.308611	0.129194
38100	0.283847	0.120608
38200	0.263245	0.120451
38300	0.274373	0.120483
38400	0.274390	0.112274
38500	0.267634	0.117069
38600	0.261038	0.119765
38700	0.257775	0.117508
38800	0.309585	0.124248
38900	0.262923	0.115395
39000	0.257887	0.115512
39100	0.276336	0.122828
39200	0.281468	0.119578
39300	0.265033	0.120867
39400	0.294580	0.128801
39500	0.275718	0.137238
39600	0.270524	0.117761
39700	0.278059	0.116255
39800	0.284181	0.117683
39900	0.266719	0.126816
40000	0.294912	0.123086
40100	0.266872	0.130431
40200	0.286992	0.127430
40300	0.279726	0.127966
40400	0.269596	0.131022
40500	0.289274	0.124888
40600	0.270065	0.127310
40700	0.291115	0.127110
40800	0.265385	0.128914
40900	0.284904	0.119715
41000	0.278562	0.129983
41100	0.272355	0.131006
41200	0.281453	0.127731
41300	0.273641	0.130174
41400	0.257683	0.127817
41500	0.264572	0.129823
41600	0.263611	0.123792
41700	0.285026	0.136205
41800	0.281229	0.115812
41900	0.277419	0.123519
42000	0.269332	0.110835
42100	0.278113	0.120025
42200	0.292097	0.130311
42300	0.283259	0.120289
42400	0.287107	0.120203
42500	0.283089	0.129831
42600	0.273745	0.115811
42700	0.282866	0.124749
42800	0.281900	0.133510
42900	0.272026	0.126538
43000	0.289607	0.121222
43100	0.277088	0.124770
43200	0.286273	0.123033
43300	0.280724	0.134412
43400	0.269835	0.119125
43500	0.281670	0.124896
43600	0.294384	0.124092
43700	0.273568	0.121826
43800	0.270033	0.121812
43900	0.252973	0.112775
44000	0.273637	0.119746
44100	0.258086	0.120076
44200	0.276447	0.124391
44300	0.282472	0.121542
44400	0.268136	0.126467
44500	0.272346	0.122058
44600	0.276273	0.129184
44700	0.266046	0.130343
44800	0.266084	0.125561
44900	0.267049	0.118251
45000	0.256532	0.110763
45100	0.271541	0.122446
45200	0.260740	0.125068
45300	0.267608	0.126236
45400	0.279781	0.123629
45500	0.265513	0.121781
45600	0.278952	0.118657
45700	0.262312	0.119255
45800	0.281098	0.127591
45900	0.271348	0.131928
46000	0.276822	0.132013
46100	0.273790	0.122156
46200	0.269437	0.126869
46300	0.280071	0.119426
46400	0.263475	0.121324
46500	0.294589	0.137919
46600	0.253958	0.132878
46700	0.265595	0.126521
46800	0.267750	0.114131
46900	0.260793	0.121887
47000	0.298524	0.119695
47100	0.268411	0.115948
47200	0.261497	0.124693
47300	0.255376	0.118078
47400	0.255172	0.129659
47500	0.277402	0.121387
47600	0.271569	0.126854
47700	0.271725	0.123611
47800	0.283419	0.124165
47900	0.264092	0.139937
48000	0.285130	0.126801
48100	0.273758	0.131141
48200	0.263880	0.122248
48300	0.285631	0.120619
48400	0.277786	0.125408
48500	0.264294	0.125698
48600	0.279676	0.132182
48700	0.262703	0.124447
48800	0.283969	0.131712
48900	0.280631	0.117507
49000	0.281112	0.125959
49100	0.293977	0.129622
49200	0.251304	0.131233
49300	0.271609	0.128088
49400	0.279547	0.128301
49500	0.269251	0.127248
49600	0.274410	0.130840
49700	0.254764	0.125993
49800	0.287829	0.121713
49900	0.257993	0.124152
50000	0.295218	0.131909
50100	0.269498	0.128635
50200	0.260426	0.125946
50300	0.274901	0.114225
50400	0.277498	0.125807
50500	0.277906	0.127445
50600	0.279242	0.123731
50700	0.271999	0.122839
50800	0.299889	0.124713
50900	0.278128	0.124330
51000	0.256501	0.122894
51100	0.260679	0.126533
51200	0.283253	0.122903
51300	0.271122	0.128674
51400	0.279319	0.120538
51500	0.264321	0.130263
51600	0.269891	0.126637
51700	0.265391	0.116464
51800	0.266008	0.117454
51900	0.273256	0.119816
52000	0.274574	0.123904
52100	0.275037	0.121826
52200	0.283455	0.136033
52300	0.283044	0.128100
52400	0.262751	0.125747
52500	0.282725	0.120610
52600	0.271078	0.137799
52700	0.260272	0.126754
52800	0.257330	0.133000
52900	0.271841	0.132417
53000	0.259860	0.122822
53100	0.269227	0.124836
53200	0.272185	0.130109
53300	0.272525	0.126962
53400	0.263463	0.132730
53500	0.275144	0.119344
53600	0.268548	0.125159
53700	0.270320	0.123987
53800	0.284844	0.127538
53900	0.254659	0.125578
54000	0.256897	0.125145
54100	0.263743	0.118025
54200	0.260186	0.115502
54300	0.257259	0.127073
54400	0.270658	0.126060
54500	0.268610	0.128939
54600	0.267243	0.131677
54700	0.271849	0.124749
54800	0.295052	0.127438
54900	0.275578	0.121924
55000	0.258698	0.117437
55100	0.278925	0.129294
55200	0.281816	0.125272
55300	0.264299	0.127212
55400	0.260882	0.124104
55500	0.267620	0.131827
55600	0.270819	0.118864
55700	0.269255	0.122668
55800	0.274733	0.131774
55900	0.259986	0.131432
56000	0.282392	0.122100
56100	0.273343	0.127984
56200	0.266030	0.115383
56300	0.276303	0.127125
56400	0.253088	0.130191
56500	0.278589	0.120221
56600	0.269346	0.129237
56700	0.268263	0.122663
56800	0.284130	0.133102
56900	0.288026	0.125779
57000	0.272306	0.125575
57100	0.273863	0.127128
57200	0.269810	0.114707
57300	0.273291	0.132602
57400	0.277334	0.136420
57500	0.281681	0.130662
57600	0.266238	0.124295
57700	0.265282	0.115878
57800	0.263398	0.117261
57900	0.290454	0.128657
58000	0.271913	0.128826
58100	0.251613	0.125948
58200	0.267614	0.128983
58300	0.266992	0.127374
58400	0.278914	0.124714
58500	0.280129	0.130621
58600	0.255379	0.122071
58700	0.269142	0.124078
58800	0.260889	0.118133
58900	0.261721	0.127974
59000	0.266169	0.128747
59100	0.257546	0.117718
59200	0.279394	0.122712
59300	0.261303	0.121695
59400	0.261216	0.127886
59500	0.294199	0.122563
59600	0.261011	0.123193
59700	0.260056	0.127985
59800	0.281871	0.122699
59900	0.266112	0.127972
60000	0.266690	0.130974
60100	0.263074	0.125236
60200	0.258692	0.127726
60300	0.265769	0.123188
60400	0.280758	0.127897
60500	0.275724	0.131755
60600	0.279332	0.127395
60700	0.277384	0.124615
60800	0.277762	0.127244
60900	0.253517	0.123833
61000	0.264331	0.120851
61100	0.271964	0.131546
61200	0.279655	0.136095
61300	0.258619	0.126370
61400	0.264389	0.130612
61500	0.263382	0.123428
61600	0.267750	0.130116
61700	0.268832	0.127549
61800	0.267048	0.129516
61900	0.276923	0.121935
62000	0.292628	0.128217
62100	0.270721	0.120915
62200	0.268908	0.127012
62300	0.277298	0.119662
62400	0.266314	0.117666
62500	0.289715	0.124776
62600	0.260443	0.126141
62700	0.249219	0.119194
62800	0.280869	0.114143
62900	0.265017	0.132438
63000	0.260684	0.122434
63100	0.266457	0.126435
63200	0.270912	0.130168
63300	0.268312	0.125645
63400	0.271282	0.125872
63500	0.267618	0.125934
63600	0.275774	0.131005
63700	0.265403	0.132774
63800	0.257544	0.122369
63900	0.264907	0.125732
64000	0.277383	0.128883
64100	0.261410	0.125536
64200	0.281882	0.122160
64300	0.271517	0.128598
64400	0.271538	0.121315
64500	0.258043	0.129834
64600	0.273114	0.133541
64700	0.275643	0.120421
64800	0.260049	0.123543
64900	0.271457	0.132393
65000	0.263114	0.121139
65100	0.256324	0.125461
65200	0.271791	0.128216
65300	0.263216	0.126797
65400	0.276410	0.121799
65500	0.261862	0.120560
65600	0.264300	0.124410
65700	0.264245	0.115913
65800	0.256199	0.124548
65900	0.265223	0.123498
66000	0.274007	0.132598
66100	0.260181	0.122534
66200	0.272389	0.129531
66300	0.274128	0.125526
66400	0.259282	0.126903
66500	0.259968	0.115424
66600	0.282710	0.145850
66700	0.280531	0.127871
66800	0.265858	0.124376
66900	0.274791	0.124624
67000	0.278811	0.136761
67100	0.267921	0.133515
67200	0.271728	0.118273
67300	0.273241	0.131032
67400	0.262764	0.120085
67500	0.257908	0.127719
67600	0.257370	0.127661
67700	0.263858	0.125382
67800	0.241650	0.121736
67900	0.265825	0.123896
68000	0.263363	0.115986
68100	0.256471	0.117869
68200	0.267549	0.124086
68300	0.285016	0.134246
68400	0.275890	0.128677
68500	0.276389	0.117099
68600	0.269256	0.122621
68700	0.275276	0.127324
68800	0.275694	0.138421
68900	0.253860	0.123559
69000	0.261428	0.126550
69100	0.280925	0.121763
69200	0.275719	0.124320
69300	0.270861	0.130718
69400	0.266794	0.135985
69500	0.268445	0.131408
69600	0.259135	0.118835
69700	0.261226	0.131924
69800	0.268998	0.132996
69900	0.266279	0.137179
70000	0.271457	0.130837
70100	0.276495	0.110553
70200	0.263446	0.125811
70300	0.264199	0.128183
70400	0.265312	0.114230
70500	0.269772	0.125834
70600	0.278908	0.123688
70700	0.270664	0.126948
70800	0.272222	0.128061
70900	0.263669	0.123755
71000	0.286962	0.124947
71100	0.275110	0.115537
71200	0.271594	0.131902
71300	0.298432	0.127643
71400	0.267974	0.124754
71500	0.269598	0.124418
71600	0.274859	0.130300
71700	0.256959	0.121934
71800	0.271276	0.123837
71900	0.255497	0.126898
72000	0.269899	0.129156
72100	0.262251	0.129229
72200	0.262335	0.129218
72300	0.268108	0.130143
72400	0.263196	0.114909
72500	0.271935	0.124165
72600	0.266291	0.119549
72700	0.280266	0.122181
72800	0.273142	0.122022
72900	0.254996	0.110979
73000	0.270820	0.113708
73100	0.272946	0.125593
73200	0.271621	0.124606
73300	0.262428	0.120853
73400	0.265690	0.133982
73500	0.250978	0.121371
73600	0.261712	0.126826
73700	0.275553	0.131512
73800	0.270308	0.125585
73900	0.270314	0.124990
74000	0.270679	0.118772
74100	0.275626	0.118787
74200	0.264778	0.128337
74300	0.277557	0.119313
74400	0.285503	0.133327
74500	0.270638	0.124680
74600	0.255842	0.111960
74700	0.287363	0.124382
74800	0.264619	0.115714
74900	0.262729	0.123116
75000	0.261473	0.124704
75100	0.270098	0.123324
75200	0.259179	0.130085
75300	0.261075	0.120447
75400	0.280640	0.128438
75500	0.266879	0.129301
75600	0.268460	0.123674
75700	0.264395	0.128171
75800	0.268621	0.129332
75900	0.266105	0.130706
76000	0.253620	0.112480
76100	0.263950	0.123299
76200	0.271068	0.126386
76300	0.253611	0.126401
76400	0.275499	0.122814
76500	0.295893	0.132448
76600	0.263671	0.131427
76700	0.270442	0.119134
76800	0.275938	0.119343
76900	0.274556	0.128524
77000	0.266924	0.120345
77100	0.263918	0.129964
77200	0.278501	0.127418
77300	0.254194	0.116556
77400	0.274798	0.125910
77500	0.271199	0.132756
77600	0.270333	0.122026
77700	0.276247	0.124504
77800	0.270838	0.126574
77900	0.273114	0.127807
78000	0.276140	0.129274
78100	0.269126	0.131708
78200	0.263365	0.130329
78300	0.273923	0.122474
78400	0.260973	0.118808
78500	0.281717	0.128984
78600	0.266888	0.124382
78700	0.256177	0.123513
78800	0.254228	0.125335
78900	0.265393	0.129859
79000	0.254825	0.122060
79100	0.281414	0.119487
79200	0.270993	0.136151
79300	0.263462	0.118463
79400	0.264822	0.132797
79500	0.267997	0.126584
79600	0.275025	0.130203
79700	0.285169	0.131548
79800	0.277276	0.133815
79900	0.264663	0.124019
80000	0.255854	0.121204
0	0.865501	0.128904
100	0.238935	0.028207
200	0.224301	0.034725
300	0.238375	0.037980
400	0.237823	0.029845
500	0.242072	0.045224
600	0.228704	0.049830
700	0.234000	0.047699
800	0.220377	0.056302
900	0.212071	0.051329
1000	0.249426	0.046175
1100	0.226345	0.047697
1200	0.237659	0.041398
1300	0.242894	0.050583
1400	0.250903	0.048173
1500	0.240336	0.058097
1600	0.241490	0.037280
1700	0.243946	0.054122
1800	0.230220	0.058447
1900	0.249748	0.052931
2000	0.241511	0.052961
2100	0.238018	0.053665
2200	0.226571	0.055876
2300	0.250862	0.044987
2400	0.237259	0.053356
2500	0.240153	0.047531
2600	0.251502	0.039973
2700	0.226856	0.058127
2800	0.241959	0.060057
2900	0.233412	0.054228
3000	0.244250	0.061350
3100	0.262221	0.054687
3200	0.223989	0.059443
3300	0.238477	0.086009
3400	0.253792	0.071212
3500	0.236466	0.051926
3600	0.238767	0.061141
3700	0.242036	0.059778
3800	0.228417	0.061851
3900	0.243322	0.056953
4000	0.238375	0.050913
4100	0.260936	0.056269
4200	0.225215	0.068051
4300	0.247870	0.063659
4400	0.239416	0.055494
4500	0.239114	0.070650
4600	0.256531	0.058012
4700	0.233744	0.063521
4800	0.231354	0.069639
4900	0.241018	0.070654
5000	0.245955	0.066388
0	0.000700	0.000003
100	0.000120	0.000000
200	0.000418	0.000001
300	0.001208	0.000002
400	0.004463	0.000003
500	0.021301	0.000016
600	0.094319	0.000042
700	0.324504	0.000098
800	0.475997	0.000236
900	0.558846	0.000543
1000	0.536962	0.000608
1100	0.509887	0.000791
1200	0.487682	0.000870
1300	0.493057	0.000542
1400	0.505078	0.001082
1500	0.558539	0.002098
1600	0.499127	0.001199
1700	0.542080	0.001188
1800	0.613625	0.001250
1900	0.547498	0.002728
2000	0.597204	0.001840
2100	0.556187	0.001765
2200	0.626369	0.001828
2300	0.556513	0.002789
2400	0.500587	0.002919
2500	0.603982	0.003458
2600	0.607669	0.003918
2700	0.567182	0.002412
2800	0.600729	0.002103
2900	0.592867	0.001569
3000	0.531824	0.002547
3100	0.544302	0.002973
3200	0.490588	0.002599
3300	0.513416	0.001100
3400	0.548142	0.004718
3500	0.466854	0.003267
3600	0.468521	0.002954
3700	0.461965	0.002383
3800	0.412366	0.002285
3900	0.434246	0.003617
4000	0.463826	0.002946
4100	0.450045	0.003704
4200	0.432036	0.003937
4300	0.504168	0.005669
4400	0.472628	0.007307
4500	0.428484	0.007205
4600	0.431226	0.010371
4700	0.432699	0.007076
4800	0.447221	0.013362
4900	0.494382	0.015080
5000	0.425423	0.018681
5100	0.441414	0.015389
5200	0.397183	0.012305
5300	0.446052	0.022947
5400	0.417884	0.021905
5500	0.444576	0.029265
5600	0.396351	0.031720
5700	0.467323	0.036487
5800	0.409729	0.033358
5900	0.399912	0.037230
6000	0.442366	0.032100
6100	0.409508	0.038530
6200	0.384302	0.037678
6300	0.416009	0.044113
6400	0.412269	0.047015
6500	0.361740	0.041091
6600	0.384205	0.041473
6700	0.407406	0.049605
6800	0.412664	0.046262
6900	0.420488	0.066507
7000	0.397801	0.055534
7100	0.388741	0.054327
7200	0.403705	0.056607
7300	0.380793	0.054397
7400	0.390242	0.065855
7500	0.361732	0.071813
7600	0.409070	0.048902
7700	0.360806	0.073049
7800	0.372025	0.061016
7900	0.420152	0.058991
8000	0.359469	0.070522
8100	0.369602	0.055994
8200	0.366422	0.071890
8300	0.341196	0.086926
8400	0.296987	0.057484
8500	0.358971	0.056359
8600	0.368290	0.075579
8700	0.371786	0.076500
8800	0.347854	0.067708
8900	0.353835	0.078687
9000	0.398531	0.066847
9100	0.350735	0.072889
9200	0.360871	0.096192
9300	0.343208	0.091225
9400	0.376554	0.086986
9500	0.426028	0.094102
9600	0.349629	0.060474
9700	0.365450	0.094705
9800	0.339016	0.099569
9900	0.346611	0.101264
10000	0.333057	0.094734
10100	0.311881	0.098380
10200	0.359365	0.080525
10300	0.310561	0.066160
10400	0.319181	0.083599
10500	0.341581	0.087311
10600	0.377376	0.067920
10700	0.314885	0.107548
10800	0.341159	0.092592
10900	0.338313	0.094908
11000	0.342203	0.087811
11100	0.325931	0.082976
11200	0.321137	0.097530
11300	0.371293	0.122930
11400	0.309775	0.100567
11500	0.297125	0.098827
11600	0.332850	0.104884
11700	0.304853	0.110476
11800	0.311882	0.088464
11900	0.384291	0.102090
12000	0.361526	0.107152
12100	0.300501	0.094199
12200	0.323913	0.105342
12300	0.372781	0.124924
12400	0.356945	0.109680
12500	0.323297	0.095459
12600	0.308336	0.113802
12700	0.312818	0.089421
12800	0.362924	0.118278
12900	0.308435	0.091529
13000	0.336033	0.103424
13100	0.334812	0.094040
13200	0.299366	0.103504
13300	0.275130	0.112983
13400	0.332762	0.102467
13500	0.307093	0.109268
13600	0.293819	0.103849
13700	0.288087	0.097452
13800	0.286155	0.083031
13900	0.295991	0.097584
14000	0.286936	0.102837
14100	0.322308	0.101451
14200	0.285443	0.089188
14300	0.319403	0.099142
14400	0.309724	0.112574
14500	0.287490	0.085321
14600	0.311059	0.118912
14700	0.302413	0.104038
14800	0.305374	0.103686
14900	0.351934	0.115245
15000	0.304058	0.116797
15100	0.321442	0.091742
15200	0.306727	0.131613
15300	0.283094	0.101865
15400	0.304553	0.117839
15500	0.309339	0.112302
15600	0.321935	0.107922
15700	0.312086	0.082848
15800	0.296612	0.100347
15900	0.325307	0.127192
16000	0.289766	0.095887
16100	0.333715	0.115655
16200	0.296913	0.105502
16300	0.306748	0.114827
16400	0.331955	0.094666
16500	0.289892	0.123680
16600	0.325925	0.116809
16700	0.277723	0.100510
16800	0.270584	0.111017
16900	0.319100	0.110743
17000	0.280418	0.118499
17100	0.294733	0.116749
17200	0.300153	0.110091
17300	0.310877	0.102411
17400	0.305327	0.111477
17500	0.305624	0.120161
17600	0.312209	0.112186
17700	0.289084	0.111444
17800	0.309728	0.113758
17900	0.309542	0.093829
18000	0.353454	0.106950
18100	0.256313	0.108036
18200	0.305649	0.106343
18300	0.298194	0.117957
18400	0.318563	0.095072
18500	0.303305	0.125595
18600	0.368283	0.127236
18700	0.309723	0.113758
18800	0.327090	0.127913
18900	0.293363	0.120836
19000	0.281118	0.119624
19100	0.329476	0.107712
19200	0.264022	0.113846
19300	0.322110	0.123234
19400	0.262726	0.117427
19500	0.307083	0.111722
19600	0.307349	0.105868
19700	0.298524	0.115753
19800	0.280200	0.110995
19900	0.281095	0.119456
20000	0.291083	0.118214
20100	0.288803	0.125077
20200	0.285897	0.123686
20300	0.276857	0.126655
20400	0.293127	0.128607
20500	0.284120	0.126200
20600	0.280183	0.123892
20700	0.269006	0.118360
20800	0.279516	0.128952
20900	0.277224	0.127802
21000	0.292853	0.118400
21100	0.294964	0.122092
21200	0.265616	0.121440
21300	0.269002	0.124779
21400	0.275202	0.129816
21500	0.301878	0.104517
21600	0.282038	0.137320
21700	0.288171	0.128172
21800	0.273564	0.120202
21900	0.269415	0.130687
22000	0.290978	0.110855
22100	0.288373	0.123842
22200	0.270604	0.128335
22300	0.288356	0.112365
22400	0.285814	0.126706
22500	0.286603	0.131947
22600	0.282577	0.113329
22700	0.291503	0.118342
22800	0.286279	0.120586
22900	0.285173	0.131221
23000	0.273989	0.121950
23100	0.286862	0.128097
23200	0.307171	0.132602
23300	0.283132	0.128208
23400	0.269070	0.124277
23500	0.299689	0.128914
23600	0.295902	0.114668
23700	0.288174	0.124545
23800	0.278125	0.128558
23900	0.289635	0.128795
24000	0.293457	0.119236
24100	0.294714	0.121542
24200	0.316037	0.126516
24300	0.279523	0.106734
24400	0.302589	0.099850
24500	0.275811	0.128096
24600	0.268495	0.133538
24700	0.287775	0.125517
24800	0.279444	0.116424
24900	0.303726	0.117277
25000	0.276859	0.127643
25100	0.274579	0.127976
25200	0.274804	0.130478
25300	0.272678	0.120680
25400	0.277199	0.119169
25500	0.288877	0.128038
25600	0.284859	0.136022
25700	0.275586	0.126628
25800	0.275405	0.120334
25900	0.278214	0.119456
26000	0.295636	0.128789
26100	0.266961	0.121406
26200	0.301894	0.117324
26300	0.270300	0.121031
26400	0.270185	0.129847
26500	0.313419	0.120824
26600	0.279710	0.125858
26700	0.287677	0.131415
26800	0.280545	0.119290
26900	0.269181	0.108679
27000	0.280515	0.122205
27100	0.289120	0.122234
27200	0.295156	0.120561
27300	0.281308	0.129168
27400	0.260671	0.110841
27500	0.281698	0.131514
27600	0.279339	0.125134
27700	0.270466	0.123731
27800	0.285643	0.124119
27900	0.268204	0.134410
28000	0.262683	0.121713
28100	0.280546	0.120074
28200	0.265658	0.126584
28300	0.274789	0.127729
28400	0.278699	0.141373
28500	0.276653	0.130551
28600	0.280079	0.115503
28700	0.267635	0.127785
28800	0.290430	0.137880
28900	0.275461	0.137775
29000	0.274947	0.130567
29100	0.284976	0.121274
29200	0.302657	0.128464
29300	0.284896	0.127488
29400	0.263043	0.131805
29500	0.287512	0.106830
29600	0.266537	0.131334
29700	0.293255	0.124316
29800	0.289116	0.128649
29900	0.288207	0.132768
30000	0.255042	0.112993
30100	0.275867	0.129364
30200	0.286153	0.127494
30300	0.314949	0.120879
30400	0.273470	0.122790
30500	0.257608	0.113620
30600	0.250657	0.117792
30700	0.281918	0.110102
30800	0.269645	0.119693
30900	0.277762	0.131788
31000	0.283068	0.121416
31100	0.298737	0.133015
31200	0.273501	0.120489
31300	0.268131	0.127103
31400	0.275661	0.118870
31500	0.295786	0.134124
31600	0.260574	0.131692
31700	0.269813	0.127146
31800	0.271921	0.126027
31900	0.280942	0.131314
32000	0.277045	0.119229
32100	0.274613	0.129280
32200	0.306115	0.136346
32300	0.308425	0.132019
32400	0.270807	0.130648
32500	0.268216	0.114500
32600	0.261432	0.110942
32700	0.290256	0.126478
32800	0.287693	0.120794
32900	0.285699	0.129998
33000	0.282186	0.127739
33100	0.283754	0.119196
33200	0.300504	0.128770
33300	0.289318	0.126826
33400	0.274099	0.126839
33500	0.256690	0.121641
33600	0.267101	0.120069
33700	0.271115	0.121434
33800	0.282914	0.126184
33900	0.284205	0.111173
34000	0.263287	0.128272
34100	0.293845	0.128756
34200	0.277699	0.123088
34300	0.257229	0.108498
34400	0.293835	0.139243
34500	0.278800	0.137663
34600	0.292714	0.135788
34700	0.285629	0.125570
34800	0.276870	0.131349
34900	0.260703	0.114024
35000	0.271103	0.129420
35100	0.297348	0.136857
35200	0.273713	0.133873
35300	0.254406	0.119701
35400	0.269478	0.131607
35500	0.292737	0.129357
35600	0.275197	0.136701
35700	0.286244	0.106560
35800	0.266172	0.123952
35900	0.268200	0.123558
36000	0.279959	0.132127
36100	0.282326	0.127858
36200	0.299012	0.132353
36300	0.271307	0.119557
36400	0.269321	0.123493
36500	0.273335	0.112559
36600	0.278733	0.131499
36700	0.289484	0.126615
36800	0.308931	0.124218
36900	0.274067	0.117582
37000	0.291572	0.126880
37100	0.281255	0.133127
37200	0.276908	0.122860
37300	0.283082	0.122579
37400	0.275408	0.123212
37500	0.275687	0.127889
37600	0.261295	0.116675
37700	0.258834	0.122409
37800	0.273530	0.135366
37900	0.283334	0.123219
38000	0.273451	0.126168
38100	0.261704	0.124307
38200	0.273768	0.130356
38300	0.258434	0.124938
38400	0.272009	0.117094
38500	0.289219	0.108776
38600	0.268655	0.124369
38700	0.278555	0.116191
38800	0.262580	0.122374
38900	0.256437	0.116797
39000	0.267868	0.118051
39100	0.278333	0.118983
39200	0.255934	0.118594
39300	0.271516	0.126902
39400	0.278387	0.132893
39500	0.262170	0.133698
39600	0.283021	0.131367
39700	0.269088	0.125563
39800	0.285668	0.134376
39900	0.280043	0.122966
40000	0.259210	0.126400
40100	0.285206	0.124393
40200	0.290579	0.131870
40300	0.297683	0.136336
40400	0.258214	0.122571
40500	0.261254	0.119795
40600	0.287934	0.134884
40700	0.275633	0.135024
40800	0.272218	0.134540
40900	0.267423	0.127921
41000	0.272082	0.116249
41100	0.284721	0.127744
41200	0.277211	0.135308
41300	0.257625	0.134042
41400	0.264509	0.135699
41500	0.256130	0.133447
41600	0.274369	0.131234
41700	0.261068	0.131762
41800	0.257316	0.130217
41900	0.275566	0.129372
42000	0.269245	0.132888
42100	0.278964	0.128783
42200	0.256927	0.119767
42300	0.285727	0.124523
42400	0.286393	0.124809
42500	0.284112	0.129868
42600	0.291622	0.120650
42700	0.293665	0.141000
42800	0.290825	0.129934
42900	0.288618	0.128280
43000	0.279353	0.131570
43100	0.284858	0.138616
43200	0.297150	0.129187
43300	0.289633	0.130826
43400	0.268065	0.124908
43500	0.291105	0.137051
43600	0.280546	0.132317
43700	0.271846	0.134707
43800	0.262557	0.128957
43900	0.276086	0.126891
44000	0.280121	0.127501
44100	0.282996	0.131875
44200	0.276141	0.132158
44300	0.283871	0.130084
44400	0.275220	0.126912
44500	0.284914	0.127060
44600	0.273445	0.135209
44700	0.266412	0.132864
44800	0.269514	0.126914
44900	0.292105	0.132997
45000	0.272565	0.131015
45100	0.279799	0.122845
45200	0.277782	0.131484
45300	0.262348	0.126939
45400	0.271699	0.122950
45500	0.280137	0.126014
45600	0.280527	0.136707
45700	0.269545	0.133746
45800	0.259033	0.126228
45900	0.263759	0.130654
46000	0.257311	0.128063
46100	0.269569	0.128226
46200	0.277102	0.138148
46300	0.268792	0.125126
46400	0.262795	0.123902
46500	0.268871	0.125961
46600	0.284371	0.140429
46700	0.260136	0.129567
46800	0.309987	0.135022
46900	0.276696	0.123714
47000	0.266560	0.132035
47100	0.262585	0.128765
47200	0.278261	0.134147
47300	0.247527	0.132145
47400	0.260725	0.130309
47500	0.282834	0.129661
47600	0.270428	0.131229
47700	0.269280	0.126900
47800	0.263124	0.131509
47900	0.253944	0.124851
48000	0.271788	0.133551
48100	0.268960	0.129529
48200	0.272509	0.127511
48300	0.284885	0.128706
48400	0.270865	0.122087
48500	0.265815	0.127135
48600	0.257374	0.127292
48700	0.271031	0.131031
48800	0.273337	0.125586
48900	0.271576	0.127604
49000	0.282321	0.130133
49100	0.279240	0.134620
49200	0.277051	0.125729
49300	0.258309	0.122280
49400	0.275222	0.136359
49500	0.285989	0.130001
49600	0.274368	0.136988
49700	0.271418	0.131521
49800	0.273860	0.125331
49900	0.263364	0.132812
50000	0.264623	0.139344
50100	0.281282	0.126230
50200	0.264885	0.121201
50300	0.279776	0.124539
50400	0.263492	0.130713
50500	0.289775	0.137598
50600	0.280436	0.122315
50700	0.257497	0.136189
50800	0.282634	0.125552
50900	0.257704	0.126924
51000	0.265095	0.119558
51100	0.275410	0.132494
51200	0.264839	0.125210
51300	0.268909	0.121704
51400	0.269854	0.132713
51500	0.291753	0.125641
51600	0.262402	0.130903
51700	0.278547	0.125028
51800	0.279355	0.133117
51900	0.271865	0.126725
52000	0.269443	0.116029
52100	0.260094	0.129999
52200	0.273115	0.135651
52300	0.288102	0.139064
52400	0.277086	0.131522
52500	0.267772	0.126012
52600	0.285276	0.126396
52700	0.261884	0.128377
52800	0.269673	0.125199
52900	0.274684	0.133011
53000	0.277118	0.129928
53100	0.265785	0.126892
53200	0.265547	0.133600
53300	0.294085	0.130916
53400	0.284992	0.125219
53500	0.265555	0.127233
53600	0.265353	0.130998
53700	0.258865	0.120594
53800	0.288640	0.132188
53900	0.282971	0.129794
54000	0.278442	0.140319
54100	0.280549	0.128572
54200	0.271488	0.122440
54300	0.259964	0.099456
54400	0.267187	0.123540
54500	0.272987	0.132654
54600	0.249991	0.124831
54700	0.273113	0.136777
54800	0.269540	0.126964
54900	0.264400	0.124924
55000	0.265876	0.130194
55100	0.295910	0.122545
55200	0.261436	0.125491
55300	0.261707	0.125342
55400	0.272056	0.130285
55500	0.276967	0.125420
55600	0.287399	0.129268
55700	0.269701	0.112981
55800	0.289275	0.128272
55900	0.285713	0.132194
56000	0.274430	0.122023
56100	0.269356	0.129312
56200	0.284894	0.124169
56300	0.272935	0.129650
56400	0.275608	0.137510
56500	0.280281	0.136499
56600	0.288098	0.134405
56700	0.276582	0.124148
56800	0.265351	0.125646
56900	0.275086	0.129757
57000	0.282628	0.133833
57100	0.255529	0.128988
57200	0.270874	0.129377
57300	0.271067	0.132833
57400	0.273877	0.132291
57500	0.264959	0.123629
57600	0.268269	0.132329
57700	0.271380	0.124938
57800	0.270705	0.125010
57900	0.272632	0.134755
58000	0.278050	0.126460
58100	0.255928	0.131705
58200	0.286846	0.130187
58300	0.265987	0.127372
58400	0.272672	0.132202
58500	0.283010	0.134137
58600	0.272352	0.130216
58700	0.282014	0.133324
58800	0.261251	0.134968
58900	0.288412	0.119131
59000	0.266920	0.125019
59100	0.260842	0.130384
59200	0.286814	0.133547
59300	0.274597	0.132959
59400	0.262846	0.132682
59500	0.274280	0.130634
59600	0.271883	0.125593
59700	0.271427	0.123692
59800	0.267631	0.128785
59900	0.273004	0.134092
60000	0.266753	0.130446
60100	0.252561	0.126284
60200	0.271116	0.132945
60300	0.276797	0.132536
60400	0.267067	0.122479
60500	0.262439	0.126639
60600	0.280624	0.139714
60700	0.270744	0.125845
60800	0.262136	0.130480
60900	0.278498	0.129319
61000	0.285175	0.136155
61100	0.276317	0.135112
61200	0.278522	0.128012
61300	0.279365	0.132474
61400	0.278584	0.126656
61500	0.281361	0.133595
61600	0.280350	0.129271
61700	0.263956	0.128188
61800	0.276390	0.120642
61900	0.261007	0.133101
62000	0.274929	0.130243
62100	0.270569	0.129450
62200	0.273852	0.130608
62300	0.273055	0.126441
62400	0.287370	0.130190
62500	0.270680	0.130287
62600	0.268933	0.122798
62700	0.280986	0.135306
62800	0.280011	0.117403
62900	0.269847	0.139463
63000	0.275206	0.129862
63100	0.271724	0.131570
63200	0.276723	0.132634
63300	0.269891	0.137162
63400	0.263997	0.133266
63500	0.279946	0.134385
63600	0.264640	0.131873
63700	0.244761	0.128575
63800	0.277413	0.125751
63900	0.297578	0.132506
64000	0.249189	0.124742
64100	0.270476	0.132997
64200	0.271343	0.122711
64300	0.280932	0.121498
64400	0.278174	0.126734
64500	0.274425	0.135715
64600	0.275347	0.128393
64700	0.271293	0.136795
64800	0.269293	0.126021
64900	0.262271	0.132478
65000	0.256626	0.138374
65100	0.265544	0.118308
65200	0.273283	0.127568
65300	0.264818	0.127892
65400	0.275218	0.136913
65500	0.289654	0.134279
65600	0.271872	0.131474
65700	0.275725	0.133223
65800	0.283383	0.131801
65900	0.280935	0.120553
66000	0.253908	0.132787
66100	0.262204	0.136754
66200	0.280455	0.119964
66300	0.261511	0.129658
66400	0.265311	0.124036
66500	0.266301	0.134597
66600	0.279992	0.131116
66700	0.260286	0.134113
66800	0.263944	0.128017
66900	0.269245	0.130983
67000	0.281599	0.138603
67100	0.277142	0.135858
67200	0.268895	0.127413
67300	0.278897	0.134570
67400	0.276320	0.134999
67500	0.277494	0.122409
67600	0.269437	0.133646
67700	0.288731	0.140085
67800	0.266304	0.134806
67900	0.249105	0.129619
68000	0.267695	0.133510
68100	0.296703	0.128777
68200	0.282992	0.127439
68300	0.254383	0.118681
68400	0.268210	0.134080
68500	0.277355	0.135166
68600	0.293650	0.134283
68700	0.276476	0.134171
68800	0.286602	0.130491
68900	0.273932	0.131932
69000	0.271946	0.132234
69100	0.292569	0.134463
69200	0.270346	0.119427
69300	0.278751	0.138551
69400	0.272123	0.132595
69500	0.282207	0.133870
69600	0.264894	0.129928
69700	0.272770	0.136963
69800	0.254082	0.131237
69900	0.263412	0.137979
70000	0.245755	0.129472
70100	0.257688	0.127497
70200	0.271965	0.136055
70300	0.270048	0.130018
70400	0.260355	0.124197
70500	0.255827	0.111538
70600	0.263092	0.123636
70700	0.287127	0.126472
70800	0.259492	0.126927
70900	0.278025	0.121413
71000	0.276518	0.139426
71100	0.263796	0.127058
71200	0.275975	0.120426
71300	0.260708	0.133299
71400	0.272537	0.134234
71500	0.264306	0.132049
71600	0.297821	0.132633
71700	0.267342	0.120409
71800	0.279956	0.134440
71900	0.280922	0.127687
72000	0.284841	0.136525
72100	0.266929	0.131954
72200	0.271738	0.127023
72300	0.278666	0.134479
72400	0.265263	0.122928
72500	0.285642	0.132289
72600	0.274036	0.133713
72700	0.284809	0.125837
72800	0.270620	0.126881
72900	0.285187	0.124380
73000	0.253920	0.124399
73100	0.268298	0.130089
73200	0.266581	0.130833
73300	0.276393	0.131453
73400	0.258865	0.120415
73500	0.276534	0.122973
73600	0.267536	0.127160
73700	0.261254	0.129059
73800	0.285906	0.134010
73900	0.287841	0.130393
74000	0.277150	0.126423
74100	0.282300	0.125953
74200	0.251661	0.129905
74300	0.253255	0.127768
74400	0.269998	0.126995
74500	0.267514	0.133721
74600	0.275279	0.131254
74700	0.269397	0.133036
74800	0.270847	0.125860
74900	0.270216	0.132927
75000	0.262656	0.129076
75100	0.271101	0.127349
75200	0.254450	0.126095
75300	0.275919	0.135906
75400	0.269534	0.132676
75500	0.276089	0.131550
75600	0.275179	0.131303
75700	0.277563	0.130618
75800	0.269558	0.132146
75900	0.262822	0.134475
76000	0.262188	0.128583
76100	0.280809	0.128404
76200	0.263549	0.129506
76300	0.290023	0.129243
76400	0.270666	0.136545
76500	0.272874	0.130622
76600	0.282272	0.131334
76700	0.255721	0.122743
76800	0.285302	0.134775
76900	0.273843	0.129616
77000	0.263181	0.127260
77100	0.292646	0.137943
77200	0.277588	0.128864
77300	0.266497	0.128733
77400	0.287505	0.128617
77500	0.290997	0.133753
77600	0.280234	0.118121
77700	0.280143	0.134649
77800	0.286676	0.133155
77900	0.279585	0.135582
78000	0.264883	0.128687
78100	0.265263	0.119559
78200	0.265120	0.126375
78300	0.274644	0.125410
78400	0.281018	0.128145
78500	0.252477	0.127860
78600	0.277084	0.125530
78700	0.260285	0.130761
78800	0.262454	0.126075
78900	0.292174	0.137385
79000	0.269976	0.129061
79100	0.280113	0.123857
79200	0.273488	0.126171
79300	0.258052	0.124043
79400	0.261967	0.130784
79500	0.286848	0.138046
79600	0.275132	0.129432
79700	0.266393	0.136260
79800	0.280976	0.134481
79900	0.275299	0.127647
80000	0.256541	0.127731
0	0.000608	0.000004
100	0.000186	0.000000
200	0.000522	0.000001
300	0.001653	0.000004
400	0.006151	0.000001
500	0.029704	0.000026
600	0.115932	0.000076
700	0.370751	0.000090
800	0.549434	0.000187
900	0.581398	0.000353
1000	0.604356	0.000267
1100	0.489821	0.000481
1200	0.498138	0.000745
1300	0.489865	0.001124
1400	0.522152	0.000802
1500	0.447342	0.002185
1600	0.427001	0.001840
1700	0.442775	0.002369
1800	0.510612	0.002411
1900	0.470965	0.002957
2000	0.495468	0.001339
2100	0.517314	0.001310
2200	0.476786	0.002380
2300	0.568350	0.002077
2400	0.524027	0.002492
2500	0.476383	0.001909
2600	0.445790	0.002707
2700	0.476788	0.003416
2800	0.473169	0.003102
2900	0.467091	0.004460
3000	0.541151	0.002825
3100	0.464315	0.002044
3200	0.411828	0.003353
3300	0.446389	0.001701
3400	0.448366	0.002148
3500	0.440973	0.006552
3600	0.445261	0.003281
3700	0.429156	0.002710
3800	0.417662	0.003285
3900	0.429243	0.002880
4000	0.418692	0.003485
4100	0.424722	0.008838
4200	0.465850	0.007393
4300	0.450983	0.008246
4400	0.428990	0.008876
4500	0.434104	0.011488
4600	0.389040	0.012160
4700	0.443396	0.016223
4800	0.456822	0.013047
4900	0.461124	0.012639
5000	0.457705	0.017672
5100	0.393264	0.016109
5200	0.414009	0.013033
5300	0.413392	0.034586
5400	0.424237	0.028115
5500	0.364606	0.030555
5600	0.406681	0.041052
5700	0.412114	0.020470
5800	0.382672	0.029456
5900	0.448142	0.031165
6000	0.443124	0.038256
6100	0.390301	0.043310
6200	0.438632	0.029491
6300	0.382931	0.040490
6400	0.421569	0.051476
6500	0.415541	0.045673
6600	0.399246	0.052277
6700	0.389298	0.061053
6800	0.394608	0.042912
6900	0.368933	0.059237
7000	0.363549	0.057746
7100	0.415712	0.072229
7200	0.387586	0.071854
7300	0.385600	0.044218
7400	0.405780	0.067170
7500	0.397455	0.053795
7600	0.374531	0.053443
7700	0.325180	0.033756
7800	0.434434	0.046730
7900	0.394889	0.072222
8000	0.380050	0.080928
8100	0.380785	0.053846
8200	0.362266	0.076221
8300	0.402078	0.056027
8400	0.385116	0.072951
8500	0.396216	0.079806
8600	0.350987	0.076497
8700	0.355030	0.088108
8800	0.379158	0.073495
8900	0.370120	0.065623
9000	0.343878	0.075596
9100	0.374289	0.089660
9200	0.340347	0.070303
9300	0.335156	0.076981
9400	0.332499	0.068563
9500	0.352333	0.070024
9600	0.356652	0.073961
9700	0.348652	0.096305
9800	0.332787	0.070596
9900	0.317765	0.062721
10000	0.334057	0.086898
10100	0.339322	0.065996
10200	0.313267	0.068066
10300	0.314168	0.071003
10400	0.359388	0.068067
10500	0.328515	0.097888
10600	0.356250	0.080314
10700	0.383708	0.094106
10800	0.335955	0.086103
10900	0.332071	0.098787
11000	0.354286	0.071850
11100	0.339588	0.094875
11200	0.372152	0.064764
11300	0.327129	0.069424
11400	0.313121	0.071660
11500	0.311834	0.064488
11600	0.341402	0.086734
11700	0.306945	0.090667
11800	0.350507	0.070161
11900	0.326360	0.085832
12000	0.361767	0.097596
12100	0.361562	0.072073
12200	0.319643	0.094973
12300	0.371881	0.111499
12400	0.339641	0.110972
12500	0.340261	0.092877
12600	0.329622	0.112242
12700	0.341317	0.076191
12800	0.307740	0.088311
12900	0.343573	0.087028
13000	0.329265	0.108110
13100	0.335976	0.085773
13200	0.304547	0.091996
13300	0.316696	0.105957
13400	0.311491	0.084964
13500	0.338622	0.105485
13600	0.319643	0.091187
13700	0.333550	0.083912
13800	0.335160	0.116178
13900	0.336812	0.112627
14000	0.357480	0.098571
14100	0.318261	0.094815
14200	0.312989	0.085100
14300	0.343434	0.092675
14400	0.305233	0.082434
14500	0.335068	0.118088
14600	0.313943	0.101280
14700	0.317191	0.107378
14800	0.321497	0.075980
14900	0.317508	0.078118
15000	0.324733	0.115281
15100	0.299628	0.101787
15200	0.329178	0.086581
15300	0.333750	0.110166
15400	0.292276	0.086782
15500	0.288667	0.089168
15600	0.305239	0.109669
15700	0.357013	0.091637
15800	0.319179	0.107967
15900	0.273717	0.106808
16000	0.317373	0.119897
16100	0.350210	0.105885
16200	0.347769	0.100852
16300	0.337199	0.103108
16400	0.271295	0.116000
16500	0.345312	0.109204
16600	0.284374	0.080375
16700	0.308826	0.093597
16800	0.318925	0.121941
16900	0.362259	0.094850
17000	0.354778	0.129995
17100	0.332083	0.119006
17200	0.289205	0.109102
17300	0.321269	0.109479
17400	0.306192	0.111712
17500	0.330170	0.104279
17600	0.327908	0.106533
17700	0.341056	0.108725
17800	0.326973	0.101700
17900	0.318748	0.101273
18000	0.286985	0.107392
18100	0.310780	0.107949
18200	0.325291	0.123642
18300	0.297906	0.112880
18400	0.306031	0.122359
18500	0.304018	0.105167
18600	0.295660	0.095993
18700	0.308061	0.125227
18800	0.306846	0.109966
18900	0.325011	0.100451
19000	0.308888	0.118400
19100	0.292395	0.106241
19200	0.332413	0.110855
19300	0.316457	0.096826
19400	0.312015	0.104215
19500	0.293013	0.109692
19600	0.290018	0.116663
19700	0.308993	0.122293
19800	0.305063	0.094264
19900	0.337756	0.088082
20000	0.301869	0.109599
20100	0.306297	0.126627
20200	0.338458	0.125229
20300	0.295172	0.120009
20400	0.293112	0.129802
20500	0.322298	0.128587
20600	0.317785	0.127600
20700	0.304444	0.119072
20800	0.309201	0.120307
20900	0.292693	0.110614
21000	0.314910	0.118289
21100	0.299727	0.120200
21200	0.308926	0.111145
21300	0.288698	0.119302
21400	0.309145	0.121603
21500	0.304534	0.121296
21600	0.301550	0.130822
21700	0.285975	0.103421
21800	0.304895	0.123542
21900	0.299224	0.129753
22000	0.321548	0.113494
22100	0.326860	0.116818
22200	0.307871	0.123903
22300	0.322534	0.107482
22400	0.286394	0.119439
22500	0.297677	0.116919
22600	0.311222	0.124215
22700	0.302444	0.110403
22800	0.297047	0.125069
22900	0.305565	0.122078
23000	0.309900	0.116164
23100	0.324557	0.120267
23200	0.336384	0.133551
23300	0.319975	0.110316
23400	0.311451	0.114145
23500	0.296822	0.121636
23600	0.302418	0.114558
23700	0.312256	0.125911
23800	0.300617	0.121359
23900	0.305283	0.122226
24000	0.295175	0.125203
24100	0.318403	0.110910
24200	0.301548	0.122900
24300	0.316637	0.136015
24400	0.311748	0.112780
24500	0.311565	0.109300
24600	0.330300	0.115426
24700	0.306536	0.122026
24800	0.290949	0.118493
24900	0.360901	0.123300
25000	0.334693	0.112301
25100	0.314415	0.121056
25200	0.312147	0.128114
25300	0.306044	0.108562
25400	0.297483	0.132867
25500	0.322290	0.132624
25600	0.298732	0.116589
25700	0.298017	0.124210
25800	0.304254	0.122416
25900	0.319139	0.119799
26000	0.299763	0.128519
26100	0.324109	0.125945
26200	0.329711	0.119932
26300	0.289771	0.102196
26400	0.323227	0.121363
26500	0.296885	0.118442
26600	0.336115	0.123818
26700	0.295703	0.128418
26800	0.318605	0.124466
26900	0.305772	0.121370
27000	0.314819	0.130043
27100	0.293775	0.120560
27200	0.309998	0.121448
27300	0.307546	0.115160
27400	0.305121	0.109215
27500	0.299498	0.125654
27600	0.318646	0.111286
27700	0.315510	0.121944
27800	0.317142	0.119621
27900	0.342752	0.121102
28000	0.301706	0.124808
28100	0.305030	0.112288
28200	0.300859	0.132522
28300	0.294672	0.127740
28400	0.312191	0.119796
28500	0.274467	0.105756
28600	0.319973	0.111499
28700	0.325637	0.117361
28800	0.321946	0.127528
28900	0.310024	0.134750
29000	0.295637	0.125860
29100	0.294515	0.127114
29200	0.318037	0.120415
29300	0.289598	0.120898
29400	0.305538	0.113379
29500	0.322071	0.129828
29600	0.302961	0.111947
29700	0.296953	0.119073
29800	0.311020	0.127084
29900	0.304972	0.111084
30000	0.317052	0.126929
30100	0.324269	0.128590
30200	0.310079	0.121445
30300	0.310023	0.132216
30400	0.311199	0.129293
30500	0.323207	0.125854
30600	0.310745	0.129271
30700	0.302519	0.128091
30800	0.296390	0.123860
30900	0.316713	0.122183
31000	0.310507	0.117187
31100	0.312630	0.134495
31200	0.322920	0.120668
31300	0.316542	0.126165
31400	0.298375	0.120215
31500	0.320510	0.128488
31600	0.287660	0.121442
31700	0.302534	0.119374
31800	0.309383	0.128658
31900	0.289179	0.111661
32000	0.297550	0.130179
32100	0.308350	0.132337
32200	0.290852	0.127832
32300	0.305809	0.114424
32400	0.298586	0.108993
32500	0.332286	0.130862
32600	0.301508	0.116148
32700	0.312268	0.116317
32800	0.302547	0.130951
32900	0.291187	0.126046
33000	0.324689	0.122227
33100	0.288746	0.134147
33200	0.269610	0.113430
33300	0.303957	0.117459
33400	0.294134	0.130762
33500	0.309002	0.122218
33600	0.311543	0.125009
33700	0.278689	0.102281
33800	0.290907	0.118714
33900	0.288224	0.124627
34000	0.306604	0.121286
34100	0.335905	0.118540
34200	0.298588	0.139819
34300	0.299450	0.126211
34400	0.310073	0.124222
34500	0.327799	0.127845
34600	0.291855	0.121637
34700	0.291537	0.123626
34800	0.312637	0.130053
34900	0.336978	0.124321
35000	0.339483	0.126098
35100	0.290813	0.133685
35200	0.295938	0.125008
35300	0.295490	0.126292
35400	0.299148	0.133954
35500	0.291945	0.115636
35600	0.310429	0.129307
35700	0.294661	0.127936
35800	0.301046	0.125349
35900	0.281127	0.111987
36000	0.312431	0.119551
36100	0.302832	0.131679
36200	0.279767	0.122338
36300	0.307433	0.132085
36400	0.306272	0.130399
36500	0.296515	0.124777
36600	0.290763	0.122381
36700	0.312547	0.132019
36800	0.348893	0.133040
36900	0.334764	0.127056
37000	0.306273	0.129805
37100	0.314957	0.136869
37200	0.318992	0.118270
37300	0.335910	0.119938
37400	0.316407	0.126731
37500	0.284928	0.122722
37600	0.311287	0.132016
37700	0.348464	0.125291
37800	0.303855	0.138714
37900	0.300945	0.131635
38000	0.290253	0.124001
38100	0.305190	0.133041
38200	0.288166	0.123528
38300	0.307662	0.124636
38400	0.312111	0.131294
38500	0.288403	0.114568
38600	0.310557	0.127166
38700	0.300703	0.128813
38800	0.290205	0.121726
38900	0.319896	0.135161
39000	0.297493	0.133733
39100	0.293730	0.125575
39200	0.293032	0.113993
39300	0.309956	0.125307
39400	0.303505	0.111341
39500	0.302193	0.130623
39600	0.297034	0.129346
39700	0.321269	0.119945
39800	0.309218	0.111781
39900	0.312588	0.119467
40000	0.286685	0.118656
40100	0.313608	0.114418
40200	0.287325	0.123602
40300	0.274932	0.118037
40400	0.300683	0.127291
40500	0.308450	0.128539
40600	0.319019	0.133129
40700	0.306303	0.136620
40800	0.300811	0.136239
40900	0.327847	0.130321
41000	0.312937	0.130021
41100	0.302119	0.131932
41200	0.316818	0.132783
41300	0.307528	0.130468
41400	0.306720	0.118574
41500	0.310624	0.129627
41600	0.295606	0.132497
41700	0.295164	0.134003
41800	0.306049	0.134426
41900	0.284473	0.120959
42000	0.305910	0.130898
42100	0.308103	0.114132
42200	0.311540	0.127271
42300	0.300714	0.138058
42400	0.307143	0.129318
42500	0.309815	0.126014
42600	0.309415	0.129588
42700	0.303368	0.133635
42800	0.288241	0.135366
42900	0.303130	0.129939
43000	0.334067	0.136136
43100	0.316250	0.118897
43200	0.298791	0.124903
43300	0.285481	0.125496
43400	0.312386	0.125135
43500	0.305215	0.135022
43600	0.311421	0.122004
43700	0.300590	0.123955
43800	0.302418	0.130098
43900	0.309657	0.128294
44000	0.294616	0.131189
44100	0.307162	0.132351
44200	0.288747	0.125455
44300	0.281840	0.126459
44400	0.301316	0.130201
44500	0.310961	0.130797
44600	0.299070	0.132138
44700	0.316432	0.126521
44800	0.313911	0.111359
44900	0.301157	0.132554
45000	0.313527	0.126977
45100	0.325800	0.134760
45200	0.315729	0.134709
45300	0.301807	0.129637
45400	0.314694	0.127944
45500	0.314255	0.135515
45600	0.294130	0.130655
45700	0.306115	0.125231
45800	0.314836	0.135250
45900	0.293576	0.126662
46000	0.296825	0.131811
46100	0.288120	0.120230
46200	0.303102	0.117068
46300	0.303529	0.131711
46400	0.308193	0.129912
46500	0.315759	0.133015
46600	0.305926	0.136332
46700	0.301197	0.121578
46800	0.303902	0.119101
46900	0.310220	0.128775
47000	0.290571	0.125901
47100	0.304294	0.128713
47200	0.304878	0.127657
47300	0.313986	0.129371
47400	0.301117	0.126078
47500	0.311080	0.116605
47600	0.297319	0.121561
47700	0.290375	0.125927
47800	0.288935	0.133589
47900	0.288079	0.132311
48000	0.295547	0.126535
48100	0.304900	0.129403
48200	0.345662	0.126260
48300	0.302129	0.120686
48400	0.305832	0.134057
48500	0.305675	0.130186
48600	0.287382	0.133801
48700	0.291091	0.130641
48800	0.287703	0.130714
48900	0.307521	0.125989
49000	0.304278	0.126740
49100	0.288698	0.132184
49200	0.314390	0.134246
49300	0.306038	0.116819
49400	0.310300	0.128925
49500	0.302128	0.116774
49600	0.297348	0.128069
49700	0.295525	0.127473
49800	0.305470	0.128119
49900	0.284078	0.130878
50000	0.300321	0.127370
50100	0.311791	0.125880
50200	0.310354	0.132633
50300	0.333381	0.123514
50400	0.309161	0.131324
50500	0.307655	0.134191
50600	0.309252	0.126559
50700	0.316572	0.122247
50800	0.331675	0.130380
50900	0.325805	0.132451
51000	0.308772	0.137308
51100	0.291442	0.129814
51200	0.298206	0.128060
51300	0.286160	0.127151
51400	0.312078	0.117357
51500	0.301044	0.141737
51600	0.303410	0.117773
51700	0.301449	0.133227
51800	0.304801	0.122283
51900	0.325632	0.131119
52000	0.297710	0.127347
52100	0.290575	0.128517
0	0.001029	0.000001
100	0.000260	0.000000
200	0.000654	0.000001
300	0.002137	0.000002
400	0.011274	0.000010
500	0.031476	0.000020
600	0.215828	0.000051
700	0.395517	0.000162
800	0.551257	0.000112
900	0.612306	0.000727
1000	0.593783	0.000467
0	0.000428	0.000003
100	0.000195	0.000001
200	0.000447	0.000001
300	0.001765	0.000001
400	0.007704	0.000006
500	0.030387	0.000010
600	0.127185	0.000053
700	0.414879	0.000127
800	0.557899	0.000509
900	0.625875	0.000229
1000	0.527011	0.000946
0	0.000667	0.000001
100	0.000222	0.000000
200	0.000696	0.000001
300	0.001903	0.000002
400	0.007295	0.000009
500	0.037387	0.000017
600	0.185165	0.000041
700	0.405120	0.000250
800	0.547172	0.000205
900	0.561857	0.000434
1000	0.570819	0.000799
